271
3235
3608
1577
3586
1362
528
3247
2120
4028
4431
345
2998
4849
2492
2339
2506
4409
4547
3155
1225
3335
3982
349
642
2080
1286
3306
1115
1149
2932
3832
2734
499
1176
2466
2487
636
1197
1063
4893
15
2239
2624
1850
2498
762
3387
1633
703
592
621
707
949
422
1460
3886
2189
733
4547
3819
1061
424
4174
3962
4306
1662
525
4564
318
4582
1670
2877
1289
1842
3987
4492
4163
1826
2058
776
3567
4701
2851
1352
3724
2638
4420
1663
1477
73
1049
3843
4448
4609
1343
4841
212
2823
1439
1502
4771
113
864
1924
3655
2228
2581
3831
1209
4095
974
2947
1988
1271
1706
140
384
3576
3105
785
2043
1087
3200
3670
3034
721
1070
4981
2269
2214
4131
3721
1808
3072
4025
3582
3221
618
458
1488
1079
959
3960
838
1522
4505
2140
699
982
3170
4983
2257
2323
4498
3948
4274
2238
4613
1414
4284
1801
2696
437
4744
4600
1280
428
3392
1751
455
4838
4362
218
461
4871
3566
4237
1647
3175
3056
3370
1150
745
754
3160
1222
698
3881
2264
1801
980
2145
1139
3784
1602
1448
1280
509
4598
461
2970
3728
1502
4643
1077
3164
3230
1029
2641
3917
502
2480
439
49
1892
3871
3320
3320
2821
4743
2301
201
4340
4120
625
930
4621
2293
3107
2627
3283
3792
568
4592
525
4797
4909
154
2848
3937
4138
2233
134
4382
2913
4007
4444
4038
4630
3643
2553
3914
3841
137
3890
1366
4086
1187
130
4010
4510
4366
4063
1527
4462
4084
3200
876
4181
2049
2530
629
1764
3332
2338
607
2910
2892
1012
1546
1566
1412
2450
2019
4815
1405
4321
2941
2046
2614
2718
4644
1157
4762
1749
582
1457
2615
3721
4045
4426
734
1912
509
3971
3804
2966
431
3455
4932
3466
4840
1692
2558
2581
105
1500
3424
1638
355
2725
1960
2907
2623
2194
1331
603
4735
2803
4373
4638
12
1120
2229
205
1853
2171
52
1830
1057
4314
2771
432
4218
3908
462
1165
2174
2587
688
4917
99
2399
140
3735
4070
2004
2749
3931
823
2114
859
4362
205
1938
4034
3855
2
440
1569
2247
250
939
3164
2691
1726
1074
4159
4823
3631
1969
1703
1538
3297
441
4638
3590
2094
453
1899
1546
139
4632
2804
3978
35
396
1321
1152
1278
1630
2446
1964
94
261
381
2871
118
1386
1125
101
4888
449
3643
825
2121
4661
2411
4586
1482
2793
1091
803
3878
3339
1100
577
2555
811
1782
1581
407
3881
248
921
3425
1909
256
3439
3832
1424
3757
21
3980
2112
2502
493
4135
4856
2006
729
911
2654
4807
780
2036
4933
704
835
960
3163
141
4546
952
1653
9
3915
2870
3839
1883
1425
791
120
1498
1898
2312
4617
3709
3395
2464
1782
2132
4030
3265
3189
37
3679
817
2652
3140
172
544
351
1322
2698
2493
4862
3712
4148
3249
405
488
4951
1751
4118
2888
3425
503
505
2021
3551
4014
4739
3904
4878
3468
2276
207
3561
3489
2330
1442
1337
4620
1172
1520
187
3938
369
1231
2354
3064
4726
1596
1094
485
278
3796
2197
2086
667
4160
997
695
939
4134
771
3075
455
2386
2174
2993
2341
593
2093
1667
4741
3877
3207
2219
1976
946
1953
3525
2124
4491
4201
555
1868
3274
4034
2713
3700
1155
384
982
3891
947
787
2379
617
106
1289
4347
960
3498
3276
3599
4823
4627
2642
4013
896
3589
1795
1956
2459
1553
2702
2935
3788
3301
1100
1676
1608
1529
4062
831
3693
3138
577
1031
855
2971
3495
4221
3550
707
3786
2685
3717
3040
1970
2715
3910
1157
4950
2331
1248
546
1095
212
2298
4393
4223
2306
3682
264
1073
4126
2166
1864
1338
1717
4588
129
1252
2594
3941
2968
2580
2304
4292
3718
234
2624
2396
4598
885
4356
2367
4130
305
1230
4723
4562
1904
1319
4438
2131
2805
992
1651
2016
1609
1398
613
2288
4940
1582
4800
1979
1373
3509
1983
4858
4877
2978
3655
2914
1525
1459
2787
1381
4160
1377
545
3325
2578
281
3249
1205
3872
639
3358
1335
1562
617
1781
835
3227
3245
1131
1699
4753
3672
3995
3872
3296
3117
1620
511
4225
2734
2008
4774
4231
2769
3297
3526
330
1546
1399
420
4916
3561
2917
1911
1601
1712
489
4152
3244
780
4249
4849
1949
117
2651
2204
2487
1275
4573
137
3213
4719
2172
4587
3508
2099
3840
2799
3987
2143
299
3386
1599
1777
2226
911
3451
4688
3204
898
3749
1525
768
675
468
711
3652
218
4581
2217
2136
2715
781
4034
2992
4702
313
2305
2672
4207
481
4835
1594
573
3747
315
4579
3144
19
1468
3155
2508
3368
1062
43
2085
4634
4442
3889
1277
3719
1604
1959
1297
870
4724
770
2597
2819
969
1342
1503
1592
899
847
1271
3388
4859
3258
4625
2749
4681
3410
1595
4130
474
2702
2681
2883
1788
1871
3603
3810
1087
1760
2440
2938
633
1534
3562
157
486
183
2637
3196
4011
1231
325
1064
4813
1517
3099
2878
4835
4
499
1966
1053
2101
1302
3884
4527
4186
2263
2623
3790
4989
2643
3232
197
2719
1274
69
4708
4605
2069
2362
30
3909
4963
2905
4294
3990
2676
992
133
3165
4929
609
4467
4156
1157
1952
1296
2685
3940
4485
2277
2788
1679
2681
3971
4394
1249
1797
2903
3262
778
2485
3841
3958
4781
4236
3944
179
2191
3610
3869
3050
4919
1648
3608
639
2580
3179
1642
4468
896
4295
4608
2816
575
4499
2816
4554
2123
930
2604
2468
2800
3978
4664
1221
1423
2869
2161
4367
3737
477
2564
1407
1825
549
4184
3834
1039
3970
1762
4068
1349
680
307
2068
4191
1521
2336
3020
2396
4488
869
1141
4579
2460
3142
2927
2484
400
3900
4621
4805
4711
3993
3159
341
324
4416
729
1457
1104
92
2897
3648
3061
1051
1982
1692
2423
4046
4812
4592
3490
3752
3755
4777
4927
4072
3535
4986
496
653
1755
1944
3658
4590
1623
3430
2107
1419
3568
2678
3521
2283
3190
1325
1618
4098
761
3778
801
4023
1308
419
1590
2696
708
3371
4239
4554
3770
3884
3706
2193
3588
1269
3541
1743
4178
400
3236
973
3051
3363
3209
3332
1512
3824
634
2742
2048
1995
420
166
1299
512
774
3729
347
1223
4696
2375
4460
2165
1146
4890
2131
4136
1169
890
92
2894
1852
458
1542
4379
4573
2330
810
821
2987
722
1769
2517
1563
3296
3867
4773
3135
3591
1923
1096
2007
228
4967
1394
3892
4102
2838
1022
1740
2073
4339
4558
887
2470
3926
3442
3976
4243
1089
3568
4767
4322
4423
2404
4779
4569
2112
2284
2821
2710
346
3323
1511
3805
2098
1416
587
2183
2048
3674
4521
2256
1800
786
320
4718
3061
2733
3174
2545
1056
2125
4699
3715
3086
4515
2207
1317
3303
1826
4179
2411
2259
4283
4445
3021
4815
633
4533
4219
3109
3712
148
4269
1810
4039
189
3836
4240
519
3739
1720
1372
2727
578
4279
2922
2486
1298
3671
2028
4676
4550
1264
1626
1820
3403
3881
1195
2338
4932
3973
1921
445
410
3386
3738
1002
504
2654
2355
3869
3612
4958
2648
4820
2674
948
4751
1369
587
2036
1666
1644
4602
3379
3938
3347
311
1709
2265
3247
3437
3369
1152
1893
1806
139
4679
837
574
151
1307
3738
588
1421
4105
4446
2389
1861
4425
1858
2027
3327
1158
1999
1963
3943
4929
4660
1012
2316
4301
4564
1203
2324
766
971
244
638
1291
3405
4827
275
4770
1427
2936
4129
1442
546
184
4766
1316
4634
2560
4541
4555
4737
4285
1424
3850
1441
3999
1707
2604
4845
3132
4680
1279
1643
48
4997
1978
869
4258
1566
3261
3354
1410
1879
3736
3557
519
843
852
3031
1021
626
53
4030
1419
2306
4777
2704
3187
2901
2914
4317
3562
2331
2791
3473
4511
172
1881
1563
4512
1172
3505
3686
2992
2843
239
1377
4702
1680
4277
1220
495
3073
1682
1617
3378
3018
2610
285
644
3056
938
4778
1730
1384
1874
4386
3868
3072
1843
3058
4586
2786
856
2849
4261
2489
2274
4531
2648
2857
2051
4230
608
4423
1539
544
3478
1690
1153
1907
2958
4589
4649
3646
1104
2739
2884
3458
4947
3069
2365
3566
2033
3154
920
4847
1366
3308
1797
4103
4714
1091
3122
2680
1750
3360
3215
22
2955
4280
4002
4078
4854
4723
3338
4007
4295
248
3761
692
1
1679
4363
1066
2172
2922
571
4652
702
3329
461
4809
4736
4337
3246
3935
4916
312
3047
3934
893
1999
2641
1259
4967
4964
3906
3399
3741
4227
4621
2772
3969
2993
2208
1172
1357
1861
1695
1149
1057
2379
470
845
3270
2750
531
4733
4551
4050
4866
3045
1567
4459
2218
1621
1293
357
796
1707
2420
4313
1244
262
111
744
2505
1494
2906
1799
4990
4621
2819
375
4867
2278
4615
312
157
3353
4722
2034
3922
4216
1974
1296
4121
25
4612
33
4925
632
4937
3612
3115
2543
4071
2599
809
4213
2221
164
4070
2625
3777
3641
4744
1106
1745
955
1601
2429
49
814
2947
1841
3254
1395
3122
1642
1585
766
849
1312
1879
2202
948
1619
3886
4204
2604
3797
3082
1225
2330
2700
4150
3917
3587
963
4734
3593
4217
3197
504
4224
3226
2653
3115
3830
3489
1572
1359
2637
2923
2056
764
438
1068
421
2735
3153
3984
4274
4495
1720
2533
1987
1862
3510
1645
151
1971
2887
1274
1085
428
420
2098
1928
1336
879
1962
4444
1722
1901
3759
291
4034
4572
1031
4449
3862
954
358
1656
2878
2175
4045
569
1637
713
693
3848
4867
2682
3161
3386
1007
3344
3872
2110
1682
449
234
1485
4303
2712
322
2327
814
3816
4394
2092
944
1276
4341
4155
4284
2729
1421
1314
4744
3377
3804
2755
2236
4637
928
4096
3328
846
4056
955
949
2056
1459
4468
1201
1051
4616
1263
4900
2007
2263
4633
4400
4827
3542
2015
2901
1946
240
3315
1210
2755
1873
3628
1688
4132
2124
2185
3528
3602
1717
4386
1309
744
2218
3756
3652
3465
2012
2022
3672
3547
628
4940
3026
1338
1472
2432
1877
1366
1596
1007
4983
4835
2445
4887
1772
4067
2090
3931
4885
1634
3555
4001
2902
2789
4451
649
1844
3407
3634
4410
133
1530
4595
306
2514
1015
3069
1385
2599
1810
988
1483
3324
2604
3407
1008
3708
4990
116
842
2002
1072
4344
4155
2963
4347
4195
1536
3526
1577
1511
4637
2760
2967
1241
446
1589
379
1449
152
1017
832
4116
3706
1972
4868
4521
1043
4395
954
2552
3121
571
832
2445
2755
3849
2295
2052
3508
3765
1434
4543
2709
517
1198
467
61
2734
2461
2937
4951
2285
3286
3968
3752
3067
3156
2871
4036
4023
1569
2528
3196
3709
72
3744
3118
4764
3548
2356
154
2557
3847
1293
3148
936
1763
1476
1962
1889
967
2360
459
2863
2087
2380
3714
2085
731
3870
1807
3058
1681
4746
3432
4523
4065
2541
1289
1568
1038
3117
445
4123
1908
3598
2119
532
1266
4967
3946
570
278
4875
2401
661
3975
316
3515
1175
1971
4402
1871
1673
3181
4840
4848
945
4114
3687
1718
1232
2761
3316
4281
3514
1109
4829
2890
4103
4832
418
4343
4942
4301
3462
3467
201
1834
3436
1800
4212
1968
590
4898
3015
257
848
2729
4091
3165
619
2466
601
3833
4630
2891
3150
2109
1143
1745
2019
1959
551
4024
3384
3849
2948
2910
4080
2412
32
2436
3256
2456
1758
4594
3914
3673
1548
1886
2254
3167
3404
4169
3575
2970
3605
1830
3427
1568
3735
888
741
2325
772
2198
3717
1654
4297
3518
2686
194
3844
1036
4432
1581
3607
2668
3612
1186
4330
572
53
4900
4855
4191
3414
4273
703
1135
1494
36
1914
1794
2808
2277
2676
2608
2031
4423
834
1446
487
3022
2356
2090
4391
2723
2173
2444
3458
638
2101
3229
2812
71
4896
639
3058
2081
63
2945
1394
4787
2996
4205
3698
1683
762
1343
3068
4833
675
1012
1655
1582
508
2477
3369
808
931
3623
2864
1899
3777
952
2040
4541
289
343
566
597
1672
4648
2659
3777
3959
4212
2621
2420
396
49
311
3800
4207
1523
3609
4685
704
2870
1122
1302
2998
567
4865
1476
4353
2534
188
3273
737
2226
3927
2123
3856
2073
526
4140
4930
3802
4782
858
317
2521
4109
1207
4259
3662
3010
4487
2420
3235
399
769
1753
1736
1067
565
1667
3773
2460
3712
1682
4387
2337
999
329
3735
4878
3550
3471
572
1225
1587
1529
3980
737
4339
1186
83
1022
3736
3516
280
587
2407
3856
3720
1312
3482
3274
65
4660
478
2264
1840
4144
1435
4057
2839
815
2083
2594
119
3785
3113
204
3741
23
992
777
140
208
1061
1557
4520
3770
1778
2169
3450
3965
4935
4074
1301
2273
3487
2560
4707
1671
372
547
1684
2133
4240
2288
485
2099
466
2369
1097
3507
2177
595
4783
1110
2600
1017
4719
3384
238
934
1090
4157
1329
2575
2365
1398
502
4206
1009
1892
447
2131
179
2781
4977
4221
3347
4899
2481
4094
819
2794
1803
2381
46
2210
4663
909
3290
2042
856
2755
2867
3182
1034
2213
4574
4567
4056
1253
1926
737
4335
3981
943
4746
4274
4148
2253
125
858
3326
2815
1398
4058
186
1238
2417
557
1941
2716
67
4724
4597
4579
1130
1680
1592
2715
2601
96
2930
702
4075
4336
3684
4740
4048
4638
2498
839
3917
386
1413
2890
1662
2361
2679
2491
1399
4798
4502
1177
4680
4766
2463
3276
4454
1534
316
3032
2566
3299
2704
2957
4341
910
4574
2095
4923
1330
1714
3916
1126
395
3575
2527
563
3725
4424
1593
2023
958
3066
4070
299
4937
4158
4499
830
2904
2797
3570
1908
2629
2771
3599
61
2933
1134
1307
2112
2282
4480
18
1470
219
2984
2075
3027
4274
4032
4243
3358
2017
1839
2559
2610
3810
725
116
294
3154
4007
2348
3143
3690
3089
1368
613
1370
1272
2804
4578
1681
4650
3036
2327
341
4460
2545
4001
1931
883
4943
776
172
4111
1670
225
3421
25
227
33
2457
94
195
665
3085
3939
1332
650
1551
1336
4207
2206
548
1345
445
701
2549
2999
1221
2617
2565
4942
136
3913
2386
559
3945
1458
333
3174
1620
452
4031
406
2226
832
922
3992
2846
2592
3338
570
4432
4998
438
3476
2795
1422
3079
566
2772
1480
4651
3509
4617
789
1214
2204
4108
1283
3727
3935
3531
2723
4770
1267
1278
1448
1271
1073
340
4586
3126
3314
1617
2832
3324
532
3960
4092
3407
3251
2689
2625
635
939
2624
727
558
3657
3346
3111
1646
1921
4420
1946
2533
625
4170
2227
3462
4661
4688
1141
4271
1588
1040
1487
4066
1224
3073
1157
1738
3459
1769
4424
1271
3540
3535
2493
2629
2793
2319
2514
1567
4687
3347
1516
1404
4988
738
615
2291
2030
935
2869
2753
420
3201
456
4596
4618
1274
4842
2138
1514
1567
3401
1259
1493
4427
4873
2424
1250
2424
4833
1702
1749
3307
807
3747
2641
4347
3575
3532
3008
2142
2014
3272
4502
2839
2566
1101
1006
671
1978
3965
4180
1303
1177
1916
946
2368
2071
1241
398
4432
2959
3231
736
1874
4869
1574
4146
1520
1903
227
1504
3631
4924
2473
2998
830
917
1034
1633
3940
3632
3398
2606
4390
3363
4726
2318
3970
3309
1358
2739
2684
4416
4901
2220
554
3931
3234
76
2237
1588
245
2929
4719
3826
46
2441
4715
1025
4190
3550
1261
735
2561
2050
2351
603
2877
1766
3205
4933
153
3644
1119
4968
4501
868
4288
732
2778
1435
1519
3505
3133
4752
4082
2438
1277
4257
753
3238
782
3466
4118
4124
3586
1701
127
2918
1660
4517
789
4572
1336
3644
4453
708
4586
1093
1017
894
1281
548
322
1514
3768
241
715
4114
4761
1739
4205
2121
1286
4297
4675
155
2838
3852
657
118
760
2184
4406
3614
3734
129
379
3839
3601
3610
1255
3827
29
2753
4608
1187
3953
3983
4480
2762
4550
3811
194
4221
170
3950
663
2903
4671
457
3018
2545
4332
2354
2796
4023
1368
3638
4892
589
974
552
2871
4384
1186
864
3200
4233
4870
1415
2644
2780
1249
1070
1852
1047
3157
1406
440
4774
1835
1353
4965
2339
677
2288
2034
3482
2440
455
1069
2003
3292
2027
4517
4233
2370
2315
2979
2199
2881
1604
4786
2282
4828
1734
4992
1778
1611
1788
2072
3154
685
3505
790
3142
3071
1526
2566
820
4076
616
3265
4028
528
4750
485
3841
1682
1248
455
4393
2670
3098
3984
2809
4509
408
3297
4834
866
1028
3540
2776
2633
963
4401
2768
1285
4262
3834
2465
3270
2749
44
1428
3342
4013
3938
4726
4743
4225
1751
3860
1851
3438
3240
4877
1302
4865
1268
2291
1612
2228
4801
3715
539
1805
3380
925
3581
1863
76
941
68
4737
4955
3287
305
965
2794
1362
1644
476
4360
4331
3306
1324
1439
3114
4381
2395
4164
577
1998
4845
3129
3209
2559
4834
1240
975
3848
1083
2894
3580
4121
2570
1033
3690
391
1209
4512
4306
4156
771
1789
4290
4135
3799
1713
763
1997
3500
2053
3889
4675
2350
329
1348
4586
3261
4859
1764
1933
1078
813
2329
3881
1491
2619
1696
2673
3974
1239
3921
3798
3404
2803
3493
2207
2444
2163
2958
3523
2182
324
4294
1312
1752
4165
1001
2030
3692
104
2807
3694
2477
2093
129
1064
3320
3196
141
1302
1528
4276
1949
3795
817
725
1881
1198
1878
4806
301
4561
2767
4428
1573
2593
2674
3953
2556
609
4249
3036
1156
3711
2532
746
4736
3283
2149
136
3734
2960
3218
4020
4344
840
3744
3816
1073
4592
4978
1481
2981
4661
4265
4610
25
4201
2629
2136
593
118
1658
4850
1096
1510
3150
2296
2762
3173
2966
468
4214
2555
2185
3153
1015
1410
868
1118
4201
4520
1348
1615
2897
1209
2082
3513
958
181
4272
24
4027
4913
2058
911
3622
4885
4320
4498
3050
689
8
3419
4681
4109
2512
3152
1702
3683
4769
1142
2254
3211
615
1004
1854
4579
3748
1606
2680
2817
1557
1395
1831
1975
4013
1358
1994
2569
2861
510
1494
2029
2629
2354
1115
4608
4051
1741
2528
793
1098
193
235
628
871
3411
881
4046
4165
4947
635
3280
4088
2975
2633
3786
3238
2155
3017
3717
346
2551
1664
3884
370
652
4825
208
2688
956
3163
3447
797
717
2132
4721
1937
2226
1964
366
4464
4831
2748
2703
3350
3590
1781
279
2891
827
1149
2550
4586
3424
2293
2971
4723
1038
3846
2978
568
4273
1945
3753
1485
766
2461
3803
3232
883
99
3184
4968
299
1390
4834
2395
3030
4047
467
3279
4929
4700
4816
2049
2590
1920
484
908
2627
3638
4450
4074
2583
2567
2068
4190
1583
2027
609
1601
4700
1812
222
1651
2949
4078
3988
658
1881
1090
4081
3358
2097
2682
350
4661
4686
927
4533
1482
3055
126
3084
1215
2884
4129
3818
4660
2676
385
4821
1320
1879
2505
4830
460
2313
382
4306
4527
2292
4563
733
1372
944
4969
573
1304
3538
3308
2904
1175
3047
3104
3411
14
3923
2746
1929
4603
538
2931
3628
2832
4169
4063
715
3255
2
812
3359
1559
2547
326
715
4445
826
15
4912
2766
799
2316
3403
864
3230
642
3684
4953
2799
3831
1924
4271
3372
4566
2241
1782
2638
4930
4344
3376
660
835
1529
3814
802
2895
3040
965
162
455
685
2204
4665
4490
465
3841
3392
72
4667
2116
821
3220
4646
1860
1358
1349
3657
829
1618
3014
228
2538
1268
1592
321
2007
2916
465
934
4752
924
2086
678
1061
2396
2964
1102
3255
3170
3748
3003
2812
2074
1141
4646
3310
1573
1844
4328
1889
4657
2550
4392
1291
1845
1158
1054
543
3631
4761
931
2
1268
1679
3119
3902
500
916
1183
3332
2751
1812
1953
60
296
2454
4413
4329
4796
1863
2314
2384
3231
2031
745
3094
3972
3313
1938
4841
1022
107
4946
3143
4207
2758
830
2475
604
4431
2518
958
4732
1476
2648
1273
3604
1898
3472
4297
3736
2139
3106
555
4631
2725
228
4791
4891
4693
1474
4954
4172
971
4063
2355
4553
623
4108
4223
1234
2673
697
2127
2212
3846
14
3263
3338
3318
4956
3618
972
4803
3876
873
2207
3388
3660
1930
1193
1207
786
4589
4535
493
310
2930
2717
742
920
718
1088
1646
2243
3605
2636
3224
557
2625
3046
4966
3099
784
4133
3739
3510
1484
3017
3807
4676
3307
3072
4722
3893
199
4817
4780
4731
3536
4615
1520
4996
1613
3228
3385
888
4738
2463
1917
3473
1155
4299
822
3227
2887
3086
1039
4834
2288
955
1172
4194
766
3172
2130
3000
3587
2247
2781
2507
2505
4243
4896
4349
4864
1296
4143
1692
2180
4753
489
3087
3402
1295
2714
231
3011
3547
4092
213
1010
1335
1341
2538
4575
4657
1035
2126
2694
1253
1388
2072
4898
2358
787
4999
1938
705
428
4275
4485
2711
3401
4323
2082
4173
1157
1020
257
689
1477
3930
4349
1082
4703
3630
946
4804
1058
3460
83
1999
1653
2768
4181
3364
1372
3757
776
4972
3908
377
307
4660
3728
3440
1446
3288
4164
1404
291
3475
566
3062
4022
3904
2341
500
2300
2289
410
4350
4607
377
643
1766
1983
472
4094
1228
4957
4843
2411
3515
2537
2813
3810
1804
1755
854
3547
1828
294
2925
3268
2181
2880
2005
3269
550
2503
1882
2551
1072
2534
1815
763
1006
2460
550
1272
1975
3454
2987
3844
2684
1450
1989
1611
984
756
9
1358
1313
2134
4348
1306
1266
2680
85
4137
3906
4320
550
414
125
1443
469
1602
3412
3793
3059
835
35
2942
2823
2156
1272
4212
4960
968
1179
4918
2486
4768
3758
3712
2684
588
1506
1930
876
3662
1651
1835
950
2186
1713
2642
63
57
877
2000
26
445
3356
3402
2917
1623
2723
1618
3155
2420
3791
1316
1001
678
703
2462
3855
3223
4713
1865
4726
64
2957
1565
2696
1295
1162
2296
3224
1647
2059
2014
239
2201
750
3981
2808
1417
3297
256
337
3339
441
3331
1718
1876
3744
2566
4900
4565
2514
1026
310
386
756
4768
2368
3081
346
2425
1118
1566
3180
2296
4351
3556
3844
3092
3052
3501
1990
145
2591
122
3436
2534
1313
4278
1925
1610
100
4676
1330
4312
3986
2426
4949
3041
4520
3373
1526
3320
3459
2747
4699
1704
4197
584
1955
1066
4812
4328
2959
2259
1688
84
1853
610
1406
3551
3099
3128
2533
1288
4956
1175
2436
3130
1450
3349
4159
510
2137
426
996
434
452
988
3158
2051
1422
156
549
4582
4286
1521
1648
829
3416
4891
833
3637
4
1010
4043
4347
4286
3293
3554
1775
537
4854
4254
752
3336
4394
1614
4287
379
454
4661
3536
698
333
2908
2595
1961
4815
444
1209
2240
4740
2045
3298
4094
3318
3864
2611
1394
2187
1558
1092
621
1673
1083
4304
1799
2901
2547
3894
2596
908
1855
468
4363
2434
515
3107
3307
4345
1247
165
4418
2497
4000
1867
20
2966
19
3035
2116
4575
349
1695
4970
2835
1498
3777
681
3878
3928
3442
820
2249
831
938
3836
2511
3871
3881
752
2355
3414
3100
4594
4327
2412
1667
1386
4696
3125
584
4473
3605
3267
2282
620
2214
717
287
4779
3618
2497
872
1133
1560
833
1758
258
3527
4092
1594
2629
2681
1660
1546
4971
2922
23
2336
1348
270
2580
1652
2749
4577
2564
4906
2120
1624
3411
1326
4849
1700
2177
4300
3701
1695
3682
3076
1233
1095
1206
4354
1196
4479
789
900
594
4701
4763
3580
3535
3070
3676
77
1068
3853
2988
4667
1928
1171
701
1803
182
1865
2934
3329
2471
3401
4109
2585
2036
1426
3953
2957
1883
2785
2390
4965
3131
1980
4821
908
2813
4155
4375
2015
2217
904
1839
817
3482
1829
3705
4153
1823
932
2027
3709
2399
2409
662
1400
1224
2916
4673
4310
3677
1787
4658
4105
393
989
4593
3724
436
16
4924
444
2729
1236
2321
2295
785
1625
3939
2028
3376
2314
1123
2154
329
4789
354
1421
3817
3594
4217
2115
4917
3041
2022
3852
305
2681
1307
984
511
1267
2516
1786
3744
165
4181
3858
793
4986
1070
2241
4876
3110
532
461
2858
3480
229
3420
1587
848
1135
246
242
3160
1541
2531
3311
4278
2127
1107
3426
1255
157
1324
1649
4368
4945
974
438
710
4430
4619
3848
2965
104
3970
2724
3094
1193
2962
2809
4721
2229
4339
3333
4810
1275
4337
1526
4136
3153
266
3433
4264
3283
2911
3689
1560
3967
3271
500
2136
3632
1726
648
283
1316
1076
149
1026
660
290
3175
1194
3209
4600
3123
3820
3669
3730
387
2338
789
3169
2240
2698
4753
3421
3347
4595
2900
3920
4248
4595
1183
4606
1935
1835
4797
1153
4328
2114
282
3456
226
3622
837
991
1337
4186
2791
2579
2986
4089
3654
3980
1764
201
3019
2436
2460
3402
3981
4742
1852
1013
559
2320
2618
2154
661
2163
409
3377
2774
4473
830
514
4638
3710
3761
256
2403
1726
3254
1249
3218
270
1535
4705
1774
4783
400
3651
4316
2910
1054
3833
1685
3167
3093
371
4017
871
1628
419
3020
592
2183
2817
3752
3335
2993
3323
4247
3553
892
1948
3619
2516
2031
3357
3309
4251
2282
826
294
1889
1305
99
1052
4167
899
3602
1797
4912
3686
1212
969
2257
4376
248
2527
1670
2204
2941
4039
4368
2976
1185
3327
1627
1431
2251
4708
2459
600
1554
2455
1694
4161
2863
3177
4932
4969
1964
700
1516
4409
1536
1104
2001
4318
371
1951
505
2551
3476
2678
4269
829
4490
2464
4716
2227
1806
48
1603
3579
4952
2779
4311
1619
337
3711
2091
4290
1357
1468
2805
939
4563
3710
1898
2165
1717
76
114
2548
778
3288
2126
3576
1635
3731
1214
1799
2363
4892
1007
4266
2031
2029
2090
2177
3132
4707
399
4980
4896
208
328
31
4521
4470
1970
3568
1826
2209
4742
2976
36
762
1263
2084
713
2108
1395
1488
1244
445
252
4975
2012
4515
897
1201
1950
3704
2517
1896
2394
107
4817
1825
1134
1396
2549
2140
3511
4692
657
1864
3759
4023
4034
4463
360
983
4585
2336
1102
126
3813
1527
4402
2368
160
2525
1186
4282
1007
2725
4022
3315
3003
4845
4622
4557
4477
3269
632
736
647
2703
1461
2964
2397
1538
3427
712
857
4333
1901
2972
1462
149
686
4127
109
435
4748
4366
1707
2005
3377
1570
2244
815
2830
3668
3688
854
3320
1608
2443
4225
1124
4579
603
1188
4078
4827
4706
26
533
4866
1940
4158
1371
549
3186
2758
4552
3287
4724
1277
134
4989
30
300
2968
246
1313
4452
3251
1769
1826
4634
2478
1355
240
3463
3222
1099
1135
1227
1906
2132
3737
3310
1702
2015
652
2978
411
1194
47
2824
2234
1080
2254
454
4137
2214
4117
4874
2959
3816
64
4286
3953
1270
2937
4288
607
2014
2491
1036
1184
4311
507
632
2730
1807
2671
4948
1655
3570
3895
4124
1585
4615
1231
3067
4461
2536
3702
4125
1005
4799
4273
2826
4432
4520
1225
234
2828
503
435
4233
4796
2942
878
4225
4700
4514
4399
3782
2857
3507
1160
1298
3478
4494
2071
654
2240
4489
3618
4457
3499
2099
1985
3008
3798
3213
2476
4162
18
4273
403
1359
832
3589
2076
3837
4440
2724
23
3414
4933
3682
2110
3689
469
1593
280
3787
1591
2309
2661
4338
2413
2280
2003
2910
185
3314
3014
716
3724
3921
799
2513
921
225
2299
1871
3713
1953
3876
4511
3583
4730
3421
1611
1195
2124
2999
2830
2228
1998
1481
4483
2942
4906
1636
4951
340
379
1932
2556
2655
2059
3330
1474
4196
150
254
652
3747
3869
3962
4053
1227
87
4826
637
3372
1979
3360
1316
3205
882
2564
4041
915
972
3736
1951
1419
3482
1025
2389
966
4748
2129
1152
435
4510
2914
3992
3147
2747
1613
684
334
3174
2793
3122
2955
2121
4951
4671
4028
4893
4577
4007
1815
1556
371
818
1305
238
4969
2500
2118
294
1312
1926
3140
2880
4090
142
3741
3873
857
4832
1722
1987
3060
2735
4372
2668
2799
4237
3790
2842
1852
3626
3631
949
2528
2452
764
0
4377
2908
4866
4542
2675
2673
705
317
1218
1219
1036
170
3505
2974
4668
1441
4265
3808
564
1126
1477
2041
4440
3429
4058
3078
1319
3122
4564
4690
4655
1278
3148
4322
4695
3935
478
3459
3599
1731
2966
3603
1108
2129
1658
4240
1449
4884
827
2872
3967
2564
4725
1399
428
587
3422
911
906
2401
219
1871
4038
1516
590
4058
753
4127
1772
3498
3699
358
51
3457
4955
4619
1336
2116
1515
2136
3814
3669
2560
3530
1123
2739
4544
2095
2964
2352
2100
980
265
1630
4509
2837
4187
119
4987
3657
4354
4009
3552
2848
523
930
1698
1045
4471
773
4168
4402
4719
1096
4308
2773
3706
1193
3894
4517
2689
2901
946
2008
3890
3317
1088
165
1600
542
2065
2360
2964
3635
2113
3760
1917
825
4800
1273
2970
143
4506
2342
3024
936
2734
1247
2392
3062
3020
2482
1503
1732
2871
4105
3065
